2
2.26845
2.53694
2.80546
3.07404
3.34267
3.61135
3.8801
4.14891
4.4178
4.68676
4.95581
5.22494
5.49417
5.76349
6.03292
6.30246
6.57211
6.84188
7.11177
7.38179
7.65195
7.92224
8.19268
8.46327
8.73401
9.00491
9.27598
9.54722
9.81863
10.0902
10.362
10.634
10.9061
11.1785
11.4511
11.7239
11.9969
12.2701
12.5435
12.8172
13.0911
13.3653
13.6397
13.9144
14.1893
14.4645
14.7399
15.0157
15.2917
15.568
15.8445
16.1214
16.3986
16.6761
16.9539
17.232
17.5104
17.7891
18.0682
18.3477
18.6274
18.9075
19.188
19.4688
19.75
20.0316
20.3135
20.5958
20.8785
21.1616
21.4451
21.729
22.0133
22.298
22.5831
22.8687
23.1546
23.441
23.7279
24.0152
24.3029
24.5911
24.8798
25.1689
25.4585
25.7486
26.0391
26.3302
26.6217
26.9137
27.2063
27.4993
27.7929
28.087
28.3816
28.6767
28.9724
29.2687
29.5655
29.8628
30.1607
30.4591
30.7582
31.0578
31.358
31.6588
31.9602
32.2621
32.5647
32.8679
33.1718
33.4762
33.7813
34.087
34.3933
34.7003
35.008
35.3163
35.6252
35.9349
36.2452
36.5562
36.8679
37.1802
37.4933
37.8071
38.1216
38.4368
38.7527
39.0694
39.3868
39.7049
40.0238
40.3435
40.6639
40.985
41.3069
41.6297
41.9532
42.2774
42.6025
42.9284
43.2551
43.5826
43.9109
44.2401
44.5701
44.9009
45.2325
45.5651
45.8984
46.2327
46.5678
46.9038
47.2407
47.5784
47.9171
48.2566
48.5971
48.9385
49.2808
49.624
49.9682
50.3133
50.6594
51.0064
51.3544
51.7033
52.0532
52.4041
52.756
53.1089
53.4628
53.8176
54.1735
54.5305
54.8884
55.2474
55.6074
55.9685
56.3306
56.6938
57.058
57.4234
57.7898
58.1573
58.5259
58.8956
59.2664
59.6383
60.0113
60.3855
60.7608
61.1373
61.5149
61.8937
62.2736
62.6547
63.037
63.4205
63.8052
64.1911
64.5782
64.9665
65.356
65.7468
66.1388
66.532
66.9265
67.3223
67.7193
68.1176
68.5172
68.9181
69.3203
69.7238
70.1286
70.5347
70.9422
71.3509
71.7611
72.1726
72.5854
72.9996
73.4152
73.8322
74.2506
74.6704
75.0915
75.5141
75.9382
76.3636
76.7905
77.2188
77.6486
78.0799
78.5126
78.9468
79.3825
79.8197
80.2584
80.6986
81.1404
81.5836
82.0284
82.4748
82.9227
83.3721
83.8232
84.2758
84.73
85.1858
85.6432
86.1022
86.5629
87.0252
87.4891
87.9546
88.4219
88.8908
89.3613
89.8336
90.3076
90.7832
91.2606
91.7397
92.2205
92.703
93.1873
93.6734
94.1612
94.6508
95.1422
95.6354
96.1304
96.6272
97.1258
97.6262
98.1285
98.6326
99.1386
99.6465
100.156
100.668
101.181
101.697
102.214
102.734
103.255
103.778
104.303
104.83
105.359
105.89
106.423
106.958
107.495
108.035
108.576
109.119
109.664
110.211
110.761
111.312
111.866
112.422
112.979
113.539
114.101
114.666
115.232
115.801
116.371
116.944
117.519
118.097
118.676
119.258
119.842
120.429
121.017
121.608
122.201
122.797
123.395
123.995
124.597
125.202
125.809
126.419
127.031
127.645
128.262
128.881
129.502
130.127
130.753
131.382
132.013
132.647
133.284
133.923
134.564
135.208
135.855
136.504
137.155
137.81
138.467
139.126
139.788
140.453
141.12
141.79
142.463
143.138
143.816
144.497
145.181
145.867
146.556
147.248
147.943
148.64
149.34
150.043
150.749
151.457
152.169
152.883
153.601
154.321
155.044
155.77
156.499
157.231
157.965
158.703
159.444
160.188
160.935
161.685
162.438
163.194
163.953
164.715
165.48
166.248
167.02
167.795
168.572
169.353
170.138
170.925
171.716
172.51
173.307
174.107
174.911
175.718
176.528
177.342
178.159
178.979
179.803
180.63
181.46
182.294
183.132
183.972
184.817
185.664
186.516
187.371
188.229
189.091
189.956
190.825
191.698
192.574
193.454
194.337
195.225
196.115
197.01
197.908
198.81
199.716
200.626
201.539
202.456
203.377
204.302
205.23
206.163
207.099
208.039
208.984
209.932
210.884
211.84
212.8
213.764
214.732
215.704
216.681
217.661
218.645
219.634
220.626
221.623
222.624
223.63
224.639
225.653
226.671
227.693
228.719
229.75
230.785
231.825
232.869
233.917
234.97
236.027
237.088
238.154
239.225
240.3
241.379
242.463
243.552
244.645
245.743
246.846
247.953
249.065
250.181
251.303
252.429
253.559
254.695
255.835
256.981
258.131
259.285
260.445
261.61
262.78
263.954
265.134
266.318
267.508
268.703
269.902
271.107
272.317
273.532
274.752
275.978
277.208
278.444
279.685
280.931
282.183
283.44
284.702
285.97
287.243
288.521
289.805
291.095
292.39
293.69
294.996
296.307
297.624
298.947
300.275
301.609
302.949
304.294
305.646
307.003
308.365
309.734
311.108
312.488
313.874
315.266
316.664
318.068
319.478
320.894
322.316
323.744
325.178
326.619
328.065
329.518
330.977
332.442
333.913
335.391
336.875
338.365
339.862
341.365
342.875
344.391
345.914
347.443
348.978
350.52
352.069
353.625
355.187
356.756
358.331
359.914
361.503
363.099
364.701
366.311
367.928
369.551
371.182
372.819
374.463
376.115
377.774
379.439
381.112
382.792
384.48
386.174
387.876
389.585
391.302
393.026
394.757
396.496
398.242
399.996
401.757
403.526
405.303
407.087
408.879
410.678
412.485
414.3
416.123
417.954
419.792
421.639
423.493
425.356
427.226
429.105
430.991
432.886
434.789
436.7
438.619
440.547
442.483
444.427
446.38
448.341
450.31
452.288
454.275
456.27
458.274
460.286
462.307
464.337
466.375
468.423
470.479
472.544
474.618
476.7
478.792
480.893
483.003
485.122
487.25
489.388
491.534
493.69
495.855
498.03
500.214
502.407
504.61
506.823
509.044
511.276
513.517
515.768
518.029
520.299
522.579
524.869
527.169
529.479
531.799
534.129
536.469
538.819
541.179
543.549
545.93
548.321
550.722
553.134
555.556
557.989
560.432
562.885
565.35
567.825
570.31
572.807
575.314
577.832
580.361
582.901
585.452
588.014
590.587
593.171
595.767
598.373
600.991
603.62
606.261
608.913
611.577
614.252
616.938
619.637
622.346
625.068
627.802
630.547
633.304
636.073
638.854
641.648
644.453
647.27
650.1
652.942
655.796
658.663
661.542
664.433
667.337
670.254
673.183
676.125
679.08
682.047
685.028
688.021
691.027
694.047
697.079
700.125
703.183
706.255
709.341
712.439
715.551
718.677
721.816
724.969
728.135
731.316
734.51
737.717
740.939
744.175
747.425
750.688
753.966
757.259
760.565
763.886
767.221
770.571
773.935
777.314
780.708
784.116
787.539
790.977
794.43
797.897
801.38
804.878
808.391
811.919
815.463
819.022
822.597
826.187
829.792
833.413
837.05
840.703
844.372
848.056
851.757
855.473
859.206
862.955
866.72
870.501
874.299
878.114
881.945
885.792
889.657
893.538
897.436
901.351
905.282
909.231
913.197
917.181
921.181
925.199
929.235
933.288
937.358
941.446
945.552
949.676
953.818
957.978
962.155
966.351
970.565
974.798
979.049
983.318
987.606
991.912
996.237
1000.58
1004.94
1009.33
1013.73
1018.15
1022.59
1027.04
1031.52
1036.02
1040.54
1045.07
1049.63
1054.2
1058.8
1063.42
1068.05
1072.71
1077.38
1082.08
1086.8
1091.53
1096.29
1101.07
1105.87
1110.69
1115.53
1120.39
1125.28
1130.18
1135.11
1140.06
1145.02
1150.01
1155.03
1160.06
1165.12
1170.19
1175.29
1180.42
1185.56
1190.73
1195.92
1201.13
1206.36
1211.62
1216.9
1222.2
1227.53
1232.88
1238.25
1243.64
1249.06
1254.5
1259.97
1265.46
1270.97
1276.51
1282.07
1287.66
1293.27
1298.91
1304.57
1310.25
1315.96
1321.69
1327.45
1333.23
1339.04
1344.87
1350.73
1356.62
1362.53
1368.46
1374.43
1380.41
1386.43
1392.47
1398.53
1404.63
1410.74
1416.89
1423.06
1429.26
1435.49
1441.74
1448.02
1454.33
1460.66
1467.03
1473.42
1479.83
1486.28
1492.75
1499.26
1505.79
1512.34
1518.93
1525.55
1532.19
1538.87
1545.57
1552.3
1559.06
1565.85
1572.67
1579.52
1586.4
1593.31
1600.25
1607.22
1614.22
1621.25
1628.31
1635.4
1642.52
1649.68
1656.86
1664.08
1671.32
1678.6
1685.91
1693.26
1700.63
1708.04
1715.47
1722.94
1730.45
1737.98
1745.55
1753.15
1760.79
1768.46
1776.16
1783.89
1791.66
1799.46
1807.3
1815.17
1823.07
1831.01
1838.98
1846.99
1855.03
1863.11
1871.22
1879.37
1887.56
1895.77
1904.03
1912.32
1920.65
1929.01
1937.41
1945.85
1954.32
1962.83
1971.37
1979.96
1988.58
1997.24
2005.93
2014.67
2023.44
2032.25
2041.1
2049.99
2058.91
2067.88
2076.88
2085.92
2095
2104.13
2113.29
2122.49
2131.73
2141.01
2150.33
2159.69
2169.1
2178.54
2188.03
2197.55
2207.12
2216.73
2226.38
2236.07
2245.81
2255.58
2265.41
2275.27
2285.17
2295.12
2305.11
2315.15
2325.23
2335.35
2345.52
2355.73
2365.99
2376.29
2386.63
2397.02
2407.46
2417.94
2428.46
2439.04
2449.66
2460.32
2471.03
2481.79
2492.59
2503.44
2514.34
2525.29
2536.28
2547.32
2558.41
2569.55
2580.73
2591.97
2603.25
2614.59
2625.97
2637.4
2648.88
2660.41
2671.99
2683.62
2695.31
2707.04
2718.82
2730.66
2742.55
2754.49
2766.48
2778.52
2790.61
2802.76
2814.96
2827.22
2839.52
2851.88
2864.3
2876.77
2889.29
2901.87
2914.5
2927.19
2939.93
2952.73
2965.58
2978.49
2991.45
3004.48
3017.55
3030.69
3043.88
3057.13
3070.44
3083.8
3097.23
3110.71
3124.25
3137.85
3151.51
3165.23
3179
3192.84
3206.74
3220.7
3234.72
3248.8
3262.94
3277.14
3291.41
3305.74
3320.12
3334.58
3349.09
3363.67
3378.31
3393.02
3407.78
3422.62
3437.52
3452.48
3467.51
3482.6
3497.76
3512.98
3528.27
3543.63
3559.06
3574.55
3590.11
3605.73
3621.43
3637.19
3653.02
3668.92
3684.89
3700.93
3717.04
3733.22
3749.47
3765.79
3782.18
3798.64
3815.18
3831.78
3848.46
3865.21
3882.03
3898.93
3915.9
3932.95
3950.06
3967.26
3984.53
4001.87
4019.29
4036.78
4054.35
4072
4089.72
4107.52
4125.4
4143.36
4161.39
4179.5
4197.69
4215.97
4234.32
4252.75
4271.26
4289.85
4308.52
4327.27
4346.1
4365.02
4384.02
4403.1
4422.27
4441.51
4460.85
4480.26
4499.76
4519.35
4539.02
4558.77
4578.61
4598.54
4618.56
4638.66
4658.85
4679.13
4699.49
4719.95
4740.49
4761.12
4781.84
4802.66
4823.56
4844.55
4865.64
4886.82
4908.09
4929.45
4950.9
4972.45
4994.09
5015.83
5037.66
5059.59
5081.61
5103.73
5125.94
5148.25
5170.66
5193.16
5215.76
5238.46
5261.26
5284.16
5307.16
5330.26
5353.46
5376.76
5400.16
5423.66
5447.27
5470.98
5494.79
5518.7
5542.72
5566.85
5591.08
5615.41
5639.85
5664.4
5689.05
5713.81
5738.68
5763.65
5788.74
5813.93
5839.24
5864.65
5890.18
5915.81
5941.56
5967.42
5993.39
6019.48
6045.67
6071.99
6098.41
6124.96
6151.61
6178.39
6205.28
6232.28
6259.41
6286.65
6314.01
6341.49
6369.09
6396.81
6424.65
6452.61
6480.7
6508.9
6537.23
6565.68
6594.26
6622.96
6651.78
6680.73
6709.81
6739.01
6768.34
6797.8
6827.39
6857.1
6886.94
6916.92
6947.02
6977.26
7007.62
7038.12
7068.75
7099.52
7130.42
7161.45
7192.62
7223.92
7255.36
7286.94
7318.65
7350.5
7382.49
7414.62
7446.9
7479.31
7511.86
7544.55
7577.39
7610.36
7643.49
7676.75
7710.16
7743.72
7777.42
7811.27
7845.27
7879.41
7913.7
7948.14
7982.74
8017.48
8052.37
8087.42
8122.61
8157.97
8193.47
8229.13
8264.94
8300.92
8337.04
8373.33
8409.77
8446.37
8483.13
8520.05
8557.13
8594.37
8631.78
8669.34
8707.07
8744.97
8783.03
8821.25
8859.65
8898.2
8936.93
8975.83
9014.89
9054.12
9093.53
9133.11
9172.85
9212.78
9252.87
9293.14
9333.59
9374.21
9415.01
9455.98
9497.14
9538.47
9579.98
9621.67
9663.55
9705.61
9747.85
9790.27
9832.88
9875.67
9918.65
9961.82
10005.2
